-5.371174
55.340667
22.346957
52.298371
95.885586
31.373762
70.453990
47.863239
52.551147
68.304109
65.283626
51.055661
52.818038
50.808018
48.400870
35.246242
41.599008
42.661438
58.465084
62.073881
52.809056
54.957012
48.590773
44.359658
50.205589
52.192513
61.660714
43.674468
56.966390
65.473529
56.383209
43.341496
60.406456
66.938219
47.847200
40.486536
50.190833
58.679366
56.499332
48.307201
69.997196
62.089920
43.172765
46.378660
42.910365
51.613181
82.142644
54.889648
58.268124
37.431409
61.069834
62.584566
73.536063
62.936785
52.916197
71.646016
54.242951
74.536903
69.474963
66.127924
55.109704
60.473821
55.993779
61.040963
64.146774
49.144442
64.926916
41.973040
47.025357
62.701972
49.641013
71.533101
55.461923
52.633909
57.257660
53.713019
74.341868
40.574431
68.822493
48.780676
44.554052
61.124367
56.662289
46.048896
56.274784
47.921621
46.389567
54.553468
56.600057
63.028528
52.060992
88.652594
68.827625
45.051264
59.402409
61.115385
70.860100
46.515313
53.432014
58.953956
